function [A] = get_static_dataset()
    A = [1, 1.18;
         1.2, 1.26;
         1.4, 1.23;
         1.6, 1.37;
         1.8, 1.37;
         2.0, 1.45;
         2.2, 1.42;
         2.4, 1.46;
         2.6, 1.53;
         2.8, 1.59;
         3.0, 1.50];
end
