x = [3, 4, 5]

x =

     3     4     5

y = [1; 2; 3]

y =

     1
     2
     3

x(2)

ans =

     4

diary off
